solution:
  cost: 459.0
  expanded_nodes: 41
  heuristic:
    city_0: 160.83812529297586
    city_1: 258.4870677433602
    city_10: 249.95223118803915
    city_11: 275.34378650486684
    city_12: 95.53693517655725
    city_13: 196.67748622213747
    city_14: 97.08889140509564
    city_15: 146.0455760078478
    city_16: 161.21860842814164
    city_17: 173.97741487951924
    city_18: 346.6623632346825
    city_19: 107.77468256969702
    city_2: 179.10685411466739
    city_20: 330.76013846768467
    city_21: 282.7542900834168
    city_22: 124.83686464107345
    city_23: 302.76536819000785
    city_24: 143.1982134759537
    city_25: 267.48959005507743
    city_26: 290.099263184679
    city_27: 72.65619735724835
    city_28: 146.70297323692085
    city_29: 130.27282567108995
    city_3: 219.81902696872407
    city_30: 53.58940566813282
    city_31: 230.72669789051326
    city_32: 234.0746796392875
    city_33: 138.58512575149666
    city_34: 177.91639589580518
    city_35: 53.757053992877076
    city_36: 324.3818502497454
    city_37: 121.17904301747672
    city_38: 83.6828436079484
    city_39: 276.9949269453135
    city_4: 169.66730291237585
    city_40: 229.96434220605732
    city_41: 444.30500909677755
    city_42: 338.82145961328297
    city_43: 174.13269559512224
    city_44: 15.839435657228753
    city_45: 115.80366619172436
    city_46: 95.91225415519514
    city_47: 248.49147121986655
    city_48: 164.26899612299724
    city_49: 216.50535697326518
    city_5: 173.80810137987876
    city_50: 170.94302323792965
    city_51: 152.04566644790802
    city_52: 135.79714705648036
    city_53: 202.54678875139848
    city_54: 77.25321322185788
    city_55: 235.29730602282177
    city_56: 228.67958292387493
    city_57: 143.3852896276953
    city_58: 130.0239636717111
    city_59: 184.6155337719496
    city_6: 133.251763571411
    city_60: 311.799817427177
    city_61: 159.8176492735829
    city_62: 157.96874243810453
    city_63: 202.55304506156546
    city_64: 175.0515413019578
    city_65: 65.60070422049621
    city_66: 274.3706580655615
    city_67: 196.5929310208562
    city_68: 205.04926559219066
    city_69: 167.1452714365056
    city_7: 262.86866263804853
    city_70: 162.24674305461207
    city_71: 226.38672998871746
    city_72: 248.2063351433224
    city_73: 211.88850208986293
    city_74: 202.61676386359403
    city_75: 111.50657724484114
    city_76: 85.05439291402894
    city_77: 206.40595789310333
    city_78: 243.03067091864295
    city_79: 98.49782433480712
    city_8: 94.38199704810015
    city_80: 284.09707664201505
    city_81: 183.35016158322117
    city_82: 268.5420631353629
    city_83: 156.263215680521
    city_84: 223.92651527363194
    city_85: 331.1428274663631
    city_86: 305.35572792487346
    city_87: 198.19584134967505
    city_88: 105.80404239800492
    city_89: 148.8733187006335
    city_9: 142.6699345937561
    city_90: 206.29598534193983
    city_91: 233.67842547474163
    city_92: 325.79364868107245
    city_93: 258.1362272527344
    city_94: 288.0152769749939
    city_95: 107.55016169451889
    city_96: 182.6909982752238
    city_97: 100.79819831136456
    city_98: 228.38921612159524
    city_99: 0.0
  path:
  - '0'
  - '13'
  - '99'
